entries  in_hit in_slow_tot in_slow_mc in_no_route in_brd in_martian_dst in_martian_src  out_hit out_slow_tot out_slow_mc  gc_total gc_ignored gc_goal_miss gc_dst_overflow in_hlist_search out_hlist_search
00000018  00000000 0000139b 00000002 00000052 000014bc 00000000 000001dd  00000000 0000002d 00000025 00000000 00000000 00000000 00000000 00000000 00000000 
00000018  00000000 00000000 00000000 00000000 00000000 00000000 00000000  00000000 0000000c 0000000b 00000000 00000000 00000000 00000000 00000000 00000000 
00000018  00000000 0301c4ac 00001787 00053602 0314caa2 00000000 00000000  00000000 00001759 00001757 00000000 00000000 00000000 00000000 00000000 00000000 
00000018  00000000 00000000 00000000 00000000 00000000 00000000 00000000  00000000 00000028 00000024 00000000 00000000 00000000 00000000 00000000 00000000 
00000018  00000000 00000000 00000000 00000000 00000000 00000000 00000000  00000000 00000018 0000000e 00000000 00000000 00000000 00000000 00000000 00000000 
00000018  00000000 00000000 00000000 00000000 00000000 00000000 00000000  00000000 0000000b 00000009 00000000 00000000 00000000 00000000 00000000 00000000 
00000018  00000000 00000000 00000000 00000000 00000000 00000000 00000000  00000000 00000030 0000002d 00000000 00000000 00000000 00000000 00000000 00000000 
00000018  00000000 00000000 00000000 00000000 00000000 00000000 00000000  00000000 00000017 00000012 00000000 00000000 00000000 00000000 00000000 00000000 
00000018  00000000 00000000 00000000 00000000 00000000 00000000 00000000  00000000 00000000 00000000 00000000 00000000 00000000 00000000 00000000 00000000 
00000018  00000000 00000000 00000000 00000000 00000000 00000000 00000000  00000000 00000000 00000000 00000000 00000000 00000000 00000000 00000000 00000000 
00000018  00000000 00000000 00000000 00000000 00000000 00000000 00000000  00000000 00000000 00000000 00000000 00000000 00000000 00000000 00000000 00000000 
00000018  00000000 00000000 00000000 00000000 00000000 00000000 00000000  00000000 00000000 00000000 00000000 00000000 00000000 00000000 00000000 00000000 
00000018  00000000 00000000 00000000 00000000 00000000 00000000 00000000  00000000 00000000 00000000 00000000 00000000 00000000 00000000 00000000 00000000 
00000018  00000000 00000000 00000000 00000000 00000000 00000000 00000000  00000000 00000000 00000000 00000000 00000000 00000000 00000000 00000000 00000000 
00000018  00000000 00000000 00000000 00000000 00000000 00000000 00000000  00000000 00000000 00000000 00000000 00000000 00000000 00000000 00000000 00000000 
00000018  00000000 00000000 00000000 00000000 00000000 00000000 00000000  00000000 00000000 00000000 00000000 00000000 00000000 00000000 00000000 00000000 
