version 15
timestamp 4385260291
cpu0 1997 0 43679845 20190148 23849991 8265600 1804193978928 84582370213 23201656
domain0 00000000,00000000,00000000,00000000,00000000,00000000,00000000,00000011 3498046 3492170 5353 1166064 558 130 41 3492129 34865 34181 673 97441 13 0 5 34176 12185083 12172674 10707 1615515 1836 232 609 12172065 14 0 14 0 0 0 0 0 0 874420 139288 0
domain1 00000000,00000000,00000000,00000000,00000000,00000000,00000000,000000ff 3014378 2987144 26693 2176995 1377 821 10830 33788 21355 21136 212 25846 8 0 285 1717 12183381 11823560 353730 40793335 7108 21 5374256 6449304 790 1 789 0 0 0 0 0 0 14709928 1298503 0
cpu1 2792 0 31902432 15136597 16630228 3443945 1343327568785 47906394534 16439267
domain0 00000000,00000000,00000000,00000000,00000000,00000000,00000000,00000022 1129818 1125796 3333 585668 730 46 36 1125760 33097 32402 676 90502 21 0 4 32398 6066103 6056740 7634 940545 2010 159 452 6056288 14 0 14 0 0 0 0 0 0 816768 176176 0
domain1 00000000,00000000,00000000,00000000,00000000,00000000,00000000,000000ff 926452 898273 27884 2483501 493 244 10907 27896 21638 21401 232 30042 5 0 314 1600 6064374 5731480 327422 38359250 6213 20 2624344 3107136 172 0 172 0 0 0 0 0 0 12369515 1594299 0
cpu2 5154 0 241959347 99099086 165443055 110629841 5067314771290 534131554459 142712033
domain0 00000000,00000000,00000000,00000000,00000000,00000000,00000000,00000044 23870139 23863866 6072 1022640 235 56 97 23863769 44321 43676 629 107795 21 1 18 43658 92703002 92600164 100844 24947945 2307 331 23769 92576395 14 0 14 0 0 0 0 0 0 2042444 80916 0
domain1 00000000,00000000,00000000,00000000,00000000,00000000,00000000,000000ff 15128211 15119907 8154 1223247 176 13 6444 115400 25322 25110 206 22314 14 0 266 3071 92701008 92321402 374149 43836138 6212 11 43443866 48877536 5 0 5 0 0 0 0 0 0 52770770 23925784 0
cpu3 3728 0 95073969 46533406 25287186 3749476 2714363384758 52473459914 48184023
domain0 00000000,00000000,00000000,00000000,00000000,00000000,00000000,00000088 843508 840992 2423 316081 101 22 75 840917 32090 31395 670 89899 32 0 4 31391 39600684 39592214 6816 762830 1874 93 592 39591622 3 0 3 0 0 0 0 0 0 713051 139463 0
domain1 00000000,00000000,00000000,00000000,00000000,00000000,00000000,000000ff 1138438 1112795 25528 2088195 269 156 8549 33228 21643 21336 298 31364 10 0 410 1845 39599030 39248188 345871 39182639 5760 24 13218305 26029883 153 20 133 0 0 0 0 0 0 20824659 1133824 0
cpu4 28054 0 12403972 5389874 5521688 1524043 761639135943 30518402737 6089080
domain0 00000000,00000000,00000000,00000000,00000000,00000000,00000000,00000011 532916 527825 4845 842247 325 111 392 527433 21702 19177 2318 270213 221 2 23 19154 2881262 2864263 13344 1707706 3935 243 624 2863639 64 1 63 0 0 0 0 0 0 734970 165435 0
domain1 00000000,00000000,00000000,00000000,00000000,00000000,00000000,000000ff 371727 370456 1200 183393 84 0 1049 2398 16657 16657 0 0 0 0 0 0 2877607 2679460 195033 24017238 3824 3 1276855 1402605 0 0 0 0 0 0 0 0 0 3262675 183539 0
cpu5 1673 0 11564284 5380746 5215127 1537111 706466567524 25390390665 6058854
domain0 00000000,00000000,00000000,00000000,00000000,00000000,00000000,00000022 545737 542274 3339 582600 168 62 108 542166 20302 17754 2359 292062 203 0 22 17732 2922673 2906265 12702 1586060 5189 195 500 2905765 34 0 34 0 0 0 0 0 0 597712 103011 0
domain1 00000000,00000000,00000000,00000000,00000000,00000000,00000000,000000ff 404670 403350 1276 187142 51 3 1050 1684 15167 15167 0 0 0 0 0 0 2918967 2720117 195543 23852004 3950 2 1301825 1418292 0 0 0 0 0 0 0 0 0 3080304 148260 0
cpu6 4374 0 15347863 6709885 7832146 3465381 1946139208633 43778024479 8612363
domain0 00000000,00000000,00000000,00000000,00000000,00000000,00000000,00000044 1110892 1089588 20288 2964849 2041 1111 141 1089447 27008 24607 2256 294560 185 3 14 24593 4925011 4896711 23782 3388322 5962 453 1425 4895286 1018 0 1018 0 0 0 0 0 0 1918380 85264 0
domain1 00000000,00000000,00000000,00000000,00000000,00000000,00000000,000000ff 1043814 1042164 1602 243967 61 1 2885 15678 18019 18019 0 0 0 0 0 0 4920493 4719181 198162 24560590 3800 3 754271 3964910 0 0 0 0 0 0 0 0 0 2448385 234244 0
cpu7 236 0 25721325 11536921 13339630 6757472 1109555301977 52087033546 14170169
domain0 00000000,00000000,00000000,00000000,00000000,00000000,00000000,00000088 2537068 2532733 4241 754076 137 43 70 2532663 21989 19512 2325 273555 177 0 20 19492 9361011 9344547 12738 1503268 4601 211 445 9344102 32 0 32 0 0 0 0 0 0 508991 59795 0
domain1 00000000,00000000,00000000,00000000,00000000,00000000,00000000,000000ff 1506129 1503869 2229 251150 34 0 2223 2173 15853 15853 0 0 0 0 0 0 9357285 9154857 199234 24522615 3754 1 4377365 4777492 0 0 0 0 0 0 0 0 0 6073167 124025 0
