                    CPU0       CPU1       CPU2       CPU3       CPU4       CPU5       CPU6       CPU7       CPU8       CPU9       CPU10      CPU11      CPU12      CPU13      CPU14      CPU15      
          HI:     286697          2          1          1          0          1          0          0          0          0          0          0          0          0          0          0
       TIMER:    4727649    1771813   35123718    1890670     918307     930987    2406229    4321201          0          0          0          0          0          0          0          0
      NET_TX:       1204        969      97372       1680        334        334        179      72687          0          0          0          0          0          0          0          0
      NET_RX:       7900         12   54308502         44         70         11         94         73          0          0          0          0          0          0          0          0
       BLOCK:      14534         27     351698       3906          6          1         23          4          0          0          0          0          0          0          0          0
BLOCK_IOPOLL:          0          0          0          0          0          0          0          0          0          0          0          0          0          0          0          0
     TASKLET:      29964          4      61862          2          1          1          1          1          0          0          0          0          0          0          0          0
       SCHED:    3785811    1190478   26550949    1248656     559433     600149    1391901    2946993          0          0          0          0          0          0          0          0
     HRTIMER:       3550       2678      15681       2139       1074       1073       1359       2298          0          0          0          0          0          0          0          0
         RCU:    4382013    1586325   33947115    1730180     832634     856812    2182363    4137157          0          0          0          0          0          0          0          0
