Num       RefCount Protocol Flags    Type St Inode Path
0000000000000000: 00000002 00000000 00010000 0001 01 324524 /tmp/.X11-unix/X0
0000000000000000: 00000002 00000000 00010000 0001 01 324523 @/tmp/.X11-unix/X0
0000000000000000: 00000002 00000000 00010000 0005 01   320 /run/udev/control
0000000000000000: 00000002 00000000 00010000 0001 01 329289 /run/user/106/pulse/native
0000000000000000: 00000002 00000000 00010000 0001 01   853 /run/rpcbind.sock
0000000000000000: 00000002 00000000 00010000 0001 01   249 @/com/ubuntu/upstart
0000000000000000: 00000002 00000000 00010000 0001 01 15733 /var/run/nscd/socket
0000000000000000: 00000002 00000000 00010000 0001 01 329267 @/com/ubuntu/upstart-session/106/4360
0000000000000000: 00000002 00000000 00010000 0001 01 12174 /var/run/atieventsd.socket
0000000000000000: 00000002 00000000 00010000 0001 01   914 /var/run/dbus/system_bus_socket
0000000000000000: 00000002 00000000 00010000 0001 01  9619 /var/run/cups/cups.sock
0000000000000000: 00000002 00000000 00010000 0001 01   938 /var/run/avahi-daemon/socket
0000000000000000: 00000002 00000000 00010000 0001 01 324568 @/tmp/dbus-H6ZrI2HqOZ
0000000000000000: 00000002 00000000 00010000 0001 01   952 /var/run/sdp
0000000000000000: 00000019 00000000 00000000 0002 01 12481 /dev/log
0000000000000000: 00000002 00000000 00010000 0001 01 338660 @/tmp/dbus-OlFOt3UlCF
0000000000000000: 00000002 00000000 00010000 0001 01 10491 /var/run/acpid.socket
0000000000000000: 00000003 00000000 00000000 0001 03 341075 /var/run/dbus/system_bus_socket
0000000000000000: 00000003 00000000 00000000 0001 03  8608 /var/run/dbus/system_bus_socket
0000000000000000: 00000003 00000000 00000000 0001 03 419790
0000000000000000: 00000003 00000000 00000000 0001 03 337637
0000000000000000: 00000003 00000000 00000000 0001 03 340055 @/tmp/dbus-H6ZrI2HqOZ
0000000000000000: 00000003 00000000 00000000 0001 03 16042
0000000000000000: 00000002 00000000 00000000 0002 01 422941
0000000000000000: 00000003 00000000 00000000 0001 03 16045 /var/run/dbus/system_bus_socket
0000000000000000: 00000003 00000000 00000000 0001 03 341016
0000000000000000: 00000003 00000000 00000000 0001 03 12664
0000000000000000: 00000003 00000000 00000000 0001 03 12522
0000000000000000: 00000003 00000000 00000000 0001 03  1428 /var/run/dbus/system_bus_socket
0000000000000000: 00000003 00000000 00000000 0001 03 329306
0000000000000000: 00000003 00000000 00000000 0001 03 341047 @/tmp/dbus-OlFOt3UlCF
0000000000000000: 00000003 00000000 00000000 0001 03 415106 /var/run/dbus/system_bus_socket
0000000000000000: 00000003 00000000 00000000 0001 03 338688 /var/run/dbus/system_bus_socket
0000000000000000: 00000003 00000000 00000000 0001 03 335624
0000000000000000: 00000002 00000000 00000000 0002 01 395262
0000000000000000: 00000003 00000000 00000000 0001 03 337639
0000000000000000: 00000003 00000000 00000000 0001 03 11823
0000000000000000: 00000003 00000000 00000000 0001 03 342091
0000000000000000: 00000003 00000000 00000000 0001 03 341090
0000000000000000: 00000003 00000000 00000000 0001 03  9720 /var/run/dbus/system_bus_socket
0000000000000000: 00000002 00000000 00000000 0002 01   900
0000000000000000: 00000003 00000000 00000000 0001 03 338669 @/tmp/dbus-OlFOt3UlCF
0000000000000000: 00000003 00000000 00000000 0001 03 338666 @/tmp/dbus-OlFOt3UlCF
0000000000000000: 00000003 00000000 00000000 0001 03 405260 /var/run/dbus/system_bus_socket
0000000000000000: 00000003 00000000 00000000 0001 03 399113 /var/run/dbus/system_bus_socket
0000000000000000: 00000003 00000000 00000000 0001 03 335677
0000000000000000: 00000003 00000000 00000000 0001 03 341042 @/tmp/dbus-OlFOt3UlCF
0000000000000000: 00000003 00000000 00000000 0001 03 405644
0000000000000000: 00000003 00000000 00000000 0001 03   556
0000000000000000: 00000003 00000000 00000000 0001 03 339385 @/tmp/.X11-unix/X0
0000000000000000: 00000003 00000000 00000000 0001 03 12699
0000000000000000: 00000003 00000000 00000000 0001 03 13037 /var/run/dbus/system_bus_socket
0000000000000000: 00000003 00000000 00000000 0001 03 339444 @/tmp/.X11-unix/X0
0000000000000000: 00000003 00000000 00000000 0001 03 338720 @/tmp/dbus-OlFOt3UlCF
0000000000000000: 00000003 00000000 00000000 0001 03 336427 /run/user/106/pulse/native
0000000000000000: 00000003 00000000 00000000 0001 03 340077
0000000000000000: 00000003 00000000 00000000 0001 03 109899 /var/run/dbus/system_bus_socket
0000000000000000: 00000003 00000000 00000000 0001 03   995
0000000000000000: 00000003 00000000 00000000 0001 03 419738
0000000000000000: 00000003 00000000 00000000 0001 03 337604
0000000000000000: 00000002 00000000 00000000 0002 01 17428
0000000000000000: 00000003 00000000 00000000 0001 03 415826 /var/run/dbus/system_bus_socket
0000000000000000: 00000003 00000000 00000000 0001 03 338652 /var/run/dbus/system_bus_socket
0000000000000000: 00000002 00000000 00000000 0002 01 415780
0000000000000000: 00000003 00000000 00000000 0001 03 339395 @/tmp/dbus-OlFOt3UlCF
0000000000000000: 00000003 00000000 00000000 0001 03 324574
0000000000000000: 00000003 00000000 00000000 0001 03 324544
0000000000000000: 00000003 00000000 00000000 0001 03  8564 /var/run/dbus/system_bus_socket
0000000000000000: 00000003 00000000 00000000 0001 03 340074
0000000000000000: 00000003 00000000 00000000 0001 03 340030 @/tmp/.X11-unix/X0
0000000000000000: 00000003 00000000 00000000 0001 03 13326 @/com/ubuntu/upstart
0000000000000000: 00000003 00000000 00000000 0001 03 339403 /var/run/dbus/system_bus_socket
0000000000000000: 00000002 00000000 00000000 0002 01   946
0000000000000000: 00000003 00000000 00000000 0001 03 329257
0000000000000000: 00000003 00000000 00000000 0001 03 336423
0000000000000000: 00000003 00000000 00000000 0001 03  9702
0000000000000000: 00000003 00000000 00000000 0001 03 329287
0000000000000000: 00000003 00000000 00000000 0001 03 339442 @/tmp/dbus-H6ZrI2HqOZ
0000000000000000: 00000003 00000000 00000000 0001 03 341095
0000000000000000: 00000003 00000000 00000000 0001 03 339398 /var/run/dbus/system_bus_socket
0000000000000000: 00000002 00000000 00000000 0002 01  8488
0000000000000000: 00000003 00000000 00000000 0001 03 338719
0000000000000000: 00000003 00000000 00000000 0001 03 109902 /var/run/dbus/system_bus_socket
0000000000000000: 00000003 00000000 00000000 0001 03 10294 @/com/ubuntu/upstart
0000000000000000: 00000003 00000000 00000000 0001 03 337664 /var/run/dbus/system_bus_socket
0000000000000000: 00000003 00000000 00000000 0001 03 399158
0000000000000000: 00000003 00000000 00000000 0001 03 338687 @/tmp/.X11-unix/X0
0000000000000000: 00000003 00000000 00000000 0001 03 341015 @/tmp/dbus-OlFOt3UlCF
0000000000000000: 00000003 00000000 00000000 0001 03 419791
0000000000000000: 00000003 00000000 00000000 0001 03  8633 /var/run/dbus/system_bus_socket
0000000000000000: 00000003 00000000 00000000 0001 03 11822
0000000000000000: 00000003 00000000 00000000 0001 03 338686
0000000000000000: 00000003 00000000 00000000 0001 03 336424 @/tmp/.X11-unix/X0
0000000000000000: 00000003 00000000 00000000 0001 03 335594
0000000000000000: 00000003 00000000 00000000 0001 03 422998
0000000000000000: 00000003 00000000 00000000 0001 03 416660 /var/run/dbus/system_bus_socket
0000000000000000: 00000003 00000000 00000000 0001 03 341019
0000000000000000: 00000003 00000000 00000000 0001 03 12703
0000000000000000: 00000003 00000000 00000000 0001 03 12523 /var/run/dbus/system_bus_socket
0000000000000000: 00000003 00000000 00000000 0001 03 337597 @/tmp/dbus-OlFOt3UlCF
0000000000000000: 00000003 00000000 00000000 0001 03 336382
0000000000000000: 00000003 00000000 00000000 0001 03 14797
0000000000000000: 00000003 00000000 00000000 0001 03  1447 /var/run/dbus/system_bus_socket
0000000000000000: 00000003 00000000 00000000 0001 03 337594
0000000000000000: 00000003 00000000 00000000 0001 03  1506 /var/run/dbus/system_bus_socket
0000000000000000: 00000003 00000000 00000000 0001 03 16551 /var/run/dbus/system_bus_socket
0000000000000000: 00000003 00000000 00000000 0001 03 418814 /var/run/dbus/system_bus_socket
0000000000000000: 00000003 00000000 00000000 0001 03 405646 /var/run/dbus/system_bus_socket
0000000000000000: 00000003 00000000 00000000 0001 03 336428 @/tmp/.X11-unix/X0
0000000000000000: 00000003 00000000 00000000 0001 03 406615
0000000000000000: 00000003 00000000 00000000 0001 03 339512 /var/run/dbus/system_bus_socket
0000000000000000: 00000003 00000000 00000000 0001 03 341076
0000000000000000: 00000003 00000000 00000000 0001 03 13036
0000000000000000: 00000003 00000000 00000000 0001 03 343059 @/tmp/dbus-OlFOt3UlCF
0000000000000000: 00000003 00000000 00000000 0001 03 16552 /var/run/dbus/system_bus_socket
0000000000000000: 00000002 00000000 00000000 0002 01   964
0000000000000000: 00000003 00000000 00000000 0001 03 324573
0000000000000000: 00000003 00000000 00000000 0001 03 10764
0000000000000000: 00000002 00000000 00000000 0002 01 12173
0000000000000000: 00000003 00000000 00000000 0001 03 12600
0000000000000000: 00000002 00000000 00000000 0002 01 10494
0000000000000000: 00000003 00000000 00000000 0001 03 339394 /var/run/dbus/system_bus_socket
0000000000000000: 00000003 00000000 00000000 0001 03  8382
0000000000000000: 00000003 00000000 00000000 0001 03 341045
0000000000000000: 00000003 00000000 00000000 0001 03 337582 @/tmp/dbus-OlFOt3UlCF
0000000000000000: 00000003 00000000 00000000 0001 03 341014
0000000000000000: 00000003 00000000 00000000 0001 03 324545
0000000000000000: 00000003 00000000 00000000 0001 03 11958 /var/run/dbus/system_bus_socket
0000000000000000: 00000002 00000000 00000000 0002 01 12520
0000000000000000: 00000003 00000000 00000000 0001 03 339389 @/tmp/.X11-unix/X0
0000000000000000: 00000003 00000000 00000000 0001 03   947
0000000000000000: 00000003 00000000 00000000 0001 03 409200
0000000000000000: 00000003 00000000 00000000 0001 03 335568 @/tmp/dbus-OlFOt3UlCF
0000000000000000: 00000002 00000000 00000000 0002 01  9689
0000000000000000: 00000003 00000000 00000000 0001 03  9460
0000000000000000: 00000003 00000000 00000000 0001 03 339443
0000000000000000: 00000003 00000000 00000000 0001 03 337684
0000000000000000: 00000003 00000000 00000000 0001 03 338680
0000000000000000: 00000003 00000000 00000000 0001 03  8492
0000000000000000: 00000003 00000000 00000000 0001 03 418802 /var/run/dbus/system_bus_socket
0000000000000000: 00000003 00000000 00000000 0001 03 337606 @/tmp/dbus-OlFOt3UlCF
0000000000000000: 00000003 00000000 00000000 0001 03 339370 @/tmp/dbus-OlFOt3UlCF
0000000000000000: 00000003 00000000 00000000 0001 03 12691
0000000000000000: 00000003 00000000 00000000 0001 03 329291 /run/user/106/pulse/native
0000000000000000: 00000002 00000000 00000000 0002 01 340036
0000000000000000: 00000003 00000000 00000000 0001 03  9626
0000000000000000: 00000003 00000000 00000000 0001 03 338694 /var/run/dbus/system_bus_socket
0000000000000000: 00000003 00000000 00000000 0001 03 337605
0000000000000000: 00000002 00000000 00000000 0002 01 110338
0000000000000000: 00000003 00000000 00000000 0001 03 14968 /var/run/dbus/system_bus_socket
0000000000000000: 00000003 00000000 00000000 0001 03 13348
0000000000000000: 00000003 00000000 00000000 0001 03 416678
0000000000000000: 00000003 00000000 00000000 0001 03 26096
0000000000000000: 00000003 00000000 00000000 0001 03 336419 /var/run/dbus/system_bus_socket
0000000000000000: 00000003 00000000 00000000 0001 03 335519 @/tmp/dbus-OlFOt3UlCF
0000000000000000: 00000003 00000000 00000000 0001 03 11954 /var/run/dbus/system_bus_socket
0000000000000000: 00000003 00000000 00000000 0001 03 12593
0000000000000000: 00000003 00000000 00000000 0001 03 15938 /var/run/acpid.socket
0000000000000000: 00000003 00000000 00000000 0001 03 415898
0000000000000000: 00000003 00000000 00000000 0001 03 10755
0000000000000000: 00000003 00000000 00000000 0001 03 399097 /var/run/dbus/system_bus_socket
0000000000000000: 00000003 00000000 00000000 0001 03 336411 /var/run/dbus/system_bus_socket
0000000000000000: 00000003 00000000 00000000 0001 03 329282
0000000000000000: 00000003 00000000 00000000 0001 03 336381
0000000000000000: 00000003 00000000 00000000 0001 03 340078 @/tmp/.X11-unix/X0
0000000000000000: 00000003 00000000 00000000 0001 03 341087 @/tmp/dbus-OlFOt3UlCF
0000000000000000: 00000003 00000000 00000000 0001 03 338695 /var/run/dbus/system_bus_socket
0000000000000000: 00000002 00000000 00000000 0001 03  1005
0000000000000000: 00000003 00000000 00000000 0001 03 341043
0000000000000000: 00000003 00000000 00000000 0001 03 324571
0000000000000000: 00000002 00000000 00000000 0002 01 12597
0000000000000000: 00000003 00000000 00000000 0001 03 23205 /var/run/dbus/system_bus_socket
0000000000000000: 00000002 00000000 00000000 0002 01 12168
0000000000000000: 00000002 00000000 00000000 0002 01 10763
0000000000000000: 00000002 00000000 00000000 0002 01 28674
0000000000000000: 00000003 00000000 00000000 0001 03 329273
0000000000000000: 00000003 00000000 00000000 0001 03   983
0000000000000000: 00000003 00000000 00000000 0001 03 418813 /var/run/dbus/system_bus_socket
0000000000000000: 00000003 00000000 00000000 0001 03 417396 /var/run/dbus/system_bus_socket
0000000000000000: 00000003 00000000 00000000 0001 03 420976
0000000000000000: 00000003 00000000 00000000 0001 03 341021 @/tmp/dbus-OlFOt3UlCF
0000000000000000: 00000003 00000000 00000000 0001 03 414447
0000000000000000: 00000003 00000000 00000000 0001 03 415897
0000000000000000: 00000003 00000000 00000000 0002 01  1245
0000000000000000: 00000002 00000000 00000000 0002 01 14705
0000000000000000: 00000003 00000000 00000000 0001 03 338684
0000000000000000: 00000003 00000000 00000000 0001 03 329256
0000000000000000: 00000003 00000000 00000000 0001 03 340076
0000000000000000: 00000003 00000000 00000000 0001 03 422391
0000000000000000: 00000003 00000000 00000000 0001 03 337607 @/tmp/dbus-OlFOt3UlCF
0000000000000000: 00000003 00000000 00000000 0001 03 12521
0000000000000000: 00000003 00000000 00000000 0001 03   940
0000000000000000: 00000003 00000000 00000000 0001 03 337577 @/tmp/dbus-OlFOt3UlCF
0000000000000000: 00000003 00000000 00000000 0001 03 336422 @/tmp/dbus-H6ZrI2HqOZ
0000000000000000: 00000003 00000000 00000000 0001 03 415105
0000000000000000: 00000003 00000000 00000000 0001 03 324575
0000000000000000: 00000003 00000000 00000000 0001 03  8605 /var/run/dbus/system_bus_socket
0000000000000000: 00000003 00000000 00000000 0001 03 335591
0000000000000000: 00000003 00000000 00000000 0001 03 422997
0000000000000000: 00000003 00000000 00000000 0001 03 336426
0000000000000000: 00000003 00000000 00000000 0001 03 340059 @/tmp/dbus-H6ZrI2HqOZ
0000000000000000: 00000003 00000000 00000000 0001 03  8493
0000000000000000: 00000002 00000000 00000000 0002 01  8410
0000000000000000: 00000003 00000000 00000000 0001 03 324549
0000000000000000: 00000002 00000000 00000000 0002 01 28693
0000000000000000: 00000002 00000000 00000000 0002 01 14001
0000000000000000: 00000003 00000000 00000000 0001 03 420554
0000000000000000: 00000003 00000000 00000000 0001 03 329258
0000000000000000: 00000003 00000000 00000000 0001 03 335523 @/tmp/dbus-OlFOt3UlCF
0000000000000000: 00000003 00000000 00000000 0001 03 339411
0000000000000000: 00000003 00000000 00000000 0001 03 11859 /var/run/dbus/system_bus_socket
0000000000000000: 00000003 00000000 00000000 0001 03 337596 @/tmp/dbus-OlFOt3UlCF
0000000000000000: 00000003 00000000 00000000 0001 03 112468
0000000000000000: 00000003 00000000 00000000 0001 03 339406 /var/run/dbus/system_bus_socket
0000000000000000: 00000003 00000000 00000000 0001 03 341046 @/tmp/dbus-OlFOt3UlCF
0000000000000000: 00000003 00000000 00000000 0001 03  9560 @/com/ubuntu/upstart
0000000000000000: 00000003 00000000 00000000 0001 03 416677
0000000000000000: 00000003 00000000 00000000 0001 03 335579
0000000000000000: 00000003 00000000 00000000 0001 03 336379
0000000000000000: 00000003 00000000 00000000 0001 03 112465
0000000000000000: 00000003 00000000 00000000 0001 03 405645
0000000000000000: 00000003 00000000 00000000 0001 03 339392 /var/run/dbus/system_bus_socket
0000000000000000: 00000003 00000000 00000000 0001 03  1434 /var/run/dbus/system_bus_socket
0000000000000000: 00000003 00000000 00000000 0001 03 417395 /var/run/dbus/system_bus_socket
0000000000000000: 00000003 00000000 00000000 0001 03 337678 @/tmp/dbus-OlFOt3UlCF
0000000000000000: 00000003 00000000 00000000 0001 03 335454
0000000000000000: 00000003 00000000 00000000 0001 03 339441
0000000000000000: 00000003 00000000 00000000 0001 03 339415
0000000000000000: 00000003 00000000 00000000 0001 03 335555 @/tmp/dbus-H6ZrI2HqOZ
0000000000000000: 00000002 00000000 00000000 0002 01 416658
0000000000000000: 00000003 00000000 00000000 0001 03 329242
0000000000000000: 00000003 00000000 00000000 0001 03 335548
0000000000000000: 00000003 00000000 00000000 0001 03 338685 @/tmp/dbus-H6ZrI2HqOZ
0000000000000000: 00000003 00000000 00000000 0002 01  1244
0000000000000000: 00000003 00000000 00000000 0001 03 341044 @/tmp/dbus-OlFOt3UlCF
0000000000000000: 00000003 00000000 00000000 0001 03  1430 /var/run/dbus/system_bus_socket
0000000000000000: 00000003 00000000 00000000 0001 03 337595
0000000000000000: 00000003 00000000 00000000 0001 03 324572
0000000000000000: 00000003 00000000 00000000 0001 03 12176
0000000000000000: 00000003 00000000 00000000 0001 03 404684
0000000000000000: 00000003 00000000 00000000 0001 03 329268
0000000000000000: 00000003 00000000 00000000 0001 03 12607
0000000000000000: 00000003 00000000 00000000 0001 03 335567
