entries  allocs destroys hash_grows  lookups hits  res_failed  rcv_probes_mcast rcv_probes_ucast  periodic_gc_runs forced_gc_runs unresolved_discards
00000006  00000002 00000000 00000000  00000030 00000001  00000000  00000000 00000000  00000000 00000000 00000000
00000006  00000000 00000000 00000000  00000000 00000000  00000000  00000000 00000000  00000000 00000000 00000000
00000006  00000002 00000000 00000000  00042ed6 0001358c  00000000  00000000 00000000  00005d1f 00000000 00000000
00000006  00000000 00000000 00000000  00000000 00000000  00000000  00000000 00000000  00000000 00000000 00000000
00000006  00000000 00000000 00000000  00000000 00000000  00000000  00000000 00000000  00000000 00000000 00000000
00000006  00000001 00000000 00000000  00000000 00000000  00000000  00000000 00000000  00000000 00000000 00000000
00000006  00000001 00000000 00000000  00000000 00000000  00000000  00000000 00000000  00000000 00000000 00000000
00000006  00000000 00000000 00000000  00000000 00000000  00000000  00000000 00000000  00000000 00000000 00000000
00000006  00000000 00000000 00000000  00000000 00000000  00000000  00000000 00000000  00000000 00000000 00000000
00000006  00000000 00000000 00000000  00000000 00000000  00000000  00000000 00000000  00000000 00000000 00000000
00000006  00000000 00000000 00000000  00000000 00000000  00000000  00000000 00000000  00000000 00000000 00000000
00000006  00000000 00000000 00000000  00000000 00000000  00000000  00000000 00000000  00000000 00000000 00000000
00000006  00000000 00000000 00000000  00000000 00000000  00000000  00000000 00000000  00000000 00000000 00000000
00000006  00000000 00000000 00000000  00000000 00000000  00000000  00000000 00000000  00000000 00000000 00000000
00000006  00000000 00000000 00000000  00000000 00000000  00000000  00000000 00000000  00000000 00000000 00000000
00000006  00000000 00000000 00000000  00000000 00000000  00000000  00000000 00000000  00000000 00000000 00000000
