sk       Eth Pid    Groups   Rmem     Wmem     Dump     Locks     Drops     Inode
0000000000000000 0   4195517 00000000 0        0        0 2        0        12599   
0000000000000000 0   1428   00000440 0        0        0 2        0        14944   
0000000000000000 0   2264   00000771 0        0        0 2        0        12887   
0000000000000000 0   1719   00020ff8 0        0        0 2        0        15735   
0000000000000000 0   1213   00000001 0        0        0 2        0        12598   
0000000000000000 0   0      00000000 0        0        0 2        0        13      
0000000000000000 0   853    00000111 0        0        0 2        0        945     
0000000000000000 4   0      00000000 0        0        0 2        0        7863    
0000000000000000 7   0      00000000 0        0        0 2        0        8211    
0000000000000000 9   0      00000000 0        0        0 2        0        7839    
0000000000000000 10  0      00000000 0        0        0 2        0        7461    
0000000000000000 11  0      00000000 0        0        0 2        0        2050    
0000000000000000 15  1213   00000002 0        0        0 2        0        14825   
0000000000000000 15  2630   00000002 0        0        0 2        0        10844   
0000000000000000 15  1070   00000002 0        0        0 2        0        14706   
0000000000000000 15  4413   00000002 0        0        0 2        0        335578  
0000000000000000 15  864    00000002 0        0        0 2        0        980     
0000000000000000 15  4294963151 00000002 0        0        0 2        0        982     
0000000000000000 15  4294963128 00000002 0        0        0 2        0        10847   
0000000000000000 15  4302   00000002 0        0        0 2        0        324525  
0000000000000000 15  6721   00000002 0        0        0 2        0        23208   
0000000000000000 15  4294963152 00000002 0        0        0 2        0        981     
0000000000000000 15  4294963129 00000002 0        0        0 2        0        16099   
0000000000000000 15  388    00000001 0        0        0 2        0        321     
0000000000000000 15  4294963127 00000002 0        0        0 2        0        10848   
0000000000000000 15  2339   00000002 0        0        0 2        0        16050   
0000000000000000 15  0      00000000 0        0        0 2        0        15      
0000000000000000 15  4294963150 00000002 0        0        0 2        0        14863   
0000000000000000 15  4414   00000002 0        0        0 2        0        336429  
0000000000000000 15  376    00000002 0        0        0 2        0        9462    
0000000000000000 16  1302   00000002 0        0        0 2        0        10490   
0000000000000000 16  0      00000000 0        0        0 2        0        2056    
0000000000000000 18  0      00000000 0        0        0 2        0        2053    
