entries  allocs destroys hash_grows  lookups hits  res_failed  rcv_probes_mcast rcv_probes_ucast  periodic_gc_runs forced_gc_runs unresolved_discards
00000004  00000000 00000000 00000000  00000000 00000000  00000000  00000000 00000000  00000000 00000000 00000000
00000004  00000000 00000000 00000000  00000000 00000000  00000000  00000000 00000000  00000000 00000000 00000000
00000004  00000000 00000000 00000000  00000158 00000000  00000000  00000000 00000000  00005d1f 00000000 00000000
00000004  00000000 00000000 00000000  00000000 00000000  00000000  00000000 00000000  00000000 00000000 00000000
00000004  00000000 00000000 00000000  00000000 00000000  00000000  00000000 00000000  00000000 00000000 00000000
00000004  00000000 00000000 00000000  00000000 00000000  00000000  00000000 00000000  00000000 00000000 00000000
00000004  00000000 00000000 00000000  00000000 00000000  00000000  00000000 00000000  00000000 00000000 00000000
00000004  00000004 00000000 00000000  00000000 00000000  00000000  00000000 00000000  00000000 00000000 00000000
00000004  00000000 00000000 00000000  00000000 00000000  00000000  00000000 00000000  00000000 00000000 00000000
00000004  00000000 00000000 00000000  00000000 00000000  00000000  00000000 00000000  00000000 00000000 00000000
00000004  00000000 00000000 00000000  00000000 00000000  00000000  00000000 00000000  00000000 00000000 00000000
00000004  00000000 00000000 00000000  00000000 00000000  00000000  00000000 00000000  00000000 00000000 00000000
00000004  00000000 00000000 00000000  00000000 00000000  00000000  00000000 00000000  00000000 00000000 00000000
00000004  00000000 00000000 00000000  00000000 00000000  00000000  00000000 00000000  00000000 00000000 00000000
00000004  00000000 00000000 00000000  00000000 00000000  00000000  00000000 00000000  00000000 00000000 00000000
00000004  00000000 00000000 00000000  00000000 00000000  00000000  00000000 00000000  00000000 00000000 00000000
